0 0.0
200 0.002831697463989258
400 0.0009963512420654297
600 0.004261970520019531
800 0.008762836456298828
1000 0.005712985992431641
1200 0.009193897247314453
1400 0.010111808776855469
1600 0.013617992401123047
1800 0.01283407211303711
2000 0.015653133392333984
2200 0.01947164535522461
2400 0.023419618606567383
2600 0.0232546329498291
2800 0.015178442001342773
3000 0.0154876708984375
3200 0.013436317443847656
3400 0.020524978637695312
3600 0.02164006233215332
3800 0.027901887893676758
4000 0.017017126083374023
4200 0.013524293899536133
4400 0.020048856735229492
4600 0.02578258514404297
4800 0.025665998458862305
5000 0.023812532424926758
0 0.0
200 0.0
400 0.003991365432739258
600 0.0048182010650634766
800 0.0041882991790771484
1000 0.007032155990600586
1200 0.009339332580566406
1400 0.0057027339935302734
1600 0.01000666618347168
1800 0.010547637939453125
2000 0.014019250869750977
2200 0.01647806167602539
2400 0.015155315399169922
2600 0.01963520050048828
2800 0.020479202270507812
3000 0.020478487014770508
3200 0.021078109741210938
3400 0.024309158325195312
3600 0.024150371551513672
3800 0.028219938278198242
4000 0.026966094970703125
4200 0.017772197723388672
4400 0.01872086524963379
4600 0.03186225891113281
4800 0.04223895072937012
5000 0.038063764572143555
